PLUME_MODEL=[2]Beta Distribution with ALPHA and BETA parameteres
EXIT[get_points]:Read 50328 points.
ENTER[get_wind].
[0] 3850.000000 9.611888 10.410924
[1] 4118.666667 10.237697 10.259866
[2] 4387.333333 10.863507 10.108809
[3] 4656.000000 11.445410 13.601182
[4] 4924.666667 12.024594 17.319170
[5] 5193.333333 12.603778 21.037158
[6] 5462.000000 13.182962 24.755146
[7] 5730.666667 13.762146 28.473134
[8] 5999.333333 14.512858 29.552415
[9] 6268.000000 15.383098 28.792933
[10] 6536.666667 16.253337 28.033451
[11] 6805.333333 17.123577 27.273969
[12] 7074.000000 17.993816 26.514488
[13] 7342.666667 18.864056 25.755006
[14] 7611.333333 19.486123 25.276323
[15] 7880.000000 19.434580 25.559808
[16] 8148.666667 19.383038 25.843293
[17] 8417.333333 19.331495 26.126779
[18] 8686.000000 19.279952 26.410264
[19] 8954.666667 19.228409 26.693749
[20] 9223.333333 19.176867 26.977234
[21] 9492.000000 19.125324 27.260719
[22] 9760.666667 19.219597 27.726173
[23] 10029.333333 19.454707 28.367383
[24] 10298.000000 19.689817 29.008592
[25] 10566.666667 19.924927 29.649801
[26] 10835.333333 20.160037 30.291010
[27] 11104.000000 20.762440 30.430402
[28] 11372.666667 21.440059 30.467030
[29] 11641.333333 22.117678 30.503658
[30] 11910.000000 22.795297 30.540286
[31] 12178.666667 23.472915 30.576914
[32] 12447.333333 23.938759 31.153698
[33] 12716.000000 24.043590 32.651282
[34] 12984.666667 24.148421 34.148867
[35] 13253.333333 24.253252 35.646451
[36] 13522.000000 24.358082 37.144036
[37] 13790.666667 24.462913 38.641620
[38] 14059.333333 24.567744 40.139205
[39] 14328.000000 24.121295 40.206227
[40] 14596.666667 23.429833 39.637443
[41] 14865.333333 22.738370 39.068659
[42] 15134.000000 22.046907 38.499875
[43] 15402.666667 21.355445 37.931092
[44] 15671.333333 20.663982 37.362308
[45] 15940.000000 19.972520 36.793524
[46] 16208.666667 19.281057 36.224741
[47] 16477.333333 18.589595 35.655957
[48] 16746.000000 17.373684 38.004587
[49] 17014.666667 15.959649 41.455352
[50] 17283.333333 14.545614 44.906116
[51] 17552.000000 13.131579 48.356881
[52] 17820.666667 11.717544 51.807645
[53] 18089.333333 10.303509 55.258410
[54] 18358.000000 8.889474 58.709174
[55] 18626.666667 7.487933 62.097911
[56] 18895.333333 6.793221 61.977673
[57] 19164.000000 6.098508 61.857434
[58] 19432.666667 5.403796 61.737195
[59] 19701.333333 4.709083 61.616957
[60] 19970.000000 4.014371 61.496718
[61] 20238.666667 3.319659 61.376479
[62] 20507.333333 2.624946 61.256241
[63] 20776.000000 2.598299 60.350995
[64] 21044.666667 3.158740 58.755894
[65] 21313.333333 3.719181 57.160794
[66] 21582.000000 4.279621 55.565693
[67] 21850.666667 4.840062 53.970593
[68] 22119.333333 5.400503 52.375492
[69] 22388.000000 5.960944 50.780392
[70] 22656.666667 6.521384 49.185291
[71] 22925.333333 7.081825 47.590190
[72] 23194.000000 7.642266 45.995090
[73] 23462.666667 8.202706 44.399989
[74] 23731.333333 8.763147 42.804889
[75] 24000.000000 9.558814 45.479034
	Read 1 wind days with 76 wind levels per day.
EXIT[get_wind].
Finished.
